104  11   0   0  11  31
104   5   1   0  11  31
104   3   2   0  11  31
104   3   3   0  11  31
104   3   4   0  11  31
106  11   0   0  11  30
106   3   1   0  11  30
106   5   2   0  11  30
106   3   3   0  11  30
106   3   4   0  11  30
107   6   0   0   6  25
107   2   1   0   6  25
107   4   2   0   6  25
107   0   3   0   6  25
107   5   4   0   6  25
114   8   0   0   8  36
114   4   1   0   8  36
114   4   2   0   8  36
114   1   3   0   8  36
114   4   4   0   8  36
116  66   0   0  66  22
116   7   1   0  66  22
116  18   2   0  66  22
116   9   3   0  66  22
116  21   4   0  66  22
118  27   0   0  27  29
118   5   1   0  27  29
118   2   2   0  27  29
118   8   3   0  27  29
118   7   4   0  27  29
123  12   0   0  12  31
123   6   1   0  12  31
123   4   2   0  12  31
123   0   3   0  12  31
123   2   4   0  12  31
126  52   0   0  52  42
126  40   1   0  52  42
126  20   2   0  52  42
126  23   3   0  52  42
126  12   4   0  52  42
130  23   0   0  23  37
130   5   1   0  23  37
130   6   2   0  23  37
130   6   3   0  23  37
130   5   4   0  23  37
135  10   0   0  10  28
135  14   1   0  10  28
135  13   2   0  10  28
135   6   3   0  10  28
135   0   4   0  10  28
141  52   0   0  52  36
141  26   1   0  52  36
141  12   2   0  52  36
141   6   3   0  52  36
141  22   4   0  52  36
145  33   0   0  33  24
145  12   1   0  33  24
145   6   2   0  33  24
145   8   3   0  33  24
145   4   4   0  33  24
201  18   0   0  18  23
201   4   1   0  18  23
201   4   2   0  18  23
201   6   3   0  18  23
201   2   4   0  18  23
202  42   0   0  42  36
202   7   1   0  42  36
202   9   2   0  42  36
202  12   3   0  42  36
202  14   4   0  42  36
205  87   0   0  87  26
205  16   1   0  87  26
205  24   2   0  87  26
205  10   3   0  87  26
205   9   4   0  87  26
206  50   0   0  50  26
206  11   1   0  50  26
206   0   2   0  50  26
206   0   3   0  50  26
206   5   4   0  50  26
210  18   0   0  18  28
210   0   1   0  18  28
210   0   2   0  18  28
210   3   3   0  18  28
210   3   4   0  18  28
213 111   0   0 111  31
213  37   1   0 111  31
213  29   2   0 111  31
213  28   3   0 111  31
213  29   4   0 111  31
215  18   0   0  18  32
215   3   1   0  18  32
215   5   2   0  18  32
215   2   3   0  18  32
215   5   4   0  18  32
217  20   0   0  20  21
217   3   1   0  20  21
217   0   2   0  20  21
217   6   3   0  20  21
217   7   4   0  20  21
219  12   0   0  12  29
219   3   1   0  12  29
219   4   2   0  12  29
219   3   3   0  12  29
219   4   4   0  12  29
220   9   0   0   9  21
220   3   1   0   9  21
220   4   2   0   9  21
220   3   3   0   9  21
220   4   4   0   9  21
222  17   0   0  17  32
222   2   1   0  17  32
222   3   2   0  17  32
222   3   3   0  17  32
222   5   4   0  17  32
226  28   0   0  28  25
226   8   1   0  28  25
226  12   2   0  28  25
226   2   3   0  28  25
226   8   4   0  28  25
227  55   0   0  55  30
227  18   1   0  55  30
227  24   2   0  55  30
227  76   3   0  55  30
227  25   4   0  55  30
230   9   0   0   9  40
230   2   1   0   9  40
230   1   2   0   9  40
230   2   3   0   9  40
230   1   4   0   9  40
234  10   0   0  10  19
234   3   1   0  10  19
234   1   2   0  10  19
234   4   3   0  10  19
234   2   4   0  10  19
238  47   0   0  47  22
238  13   1   0  47  22
238  15   2   0  47  22
238  13   3   0  47  22
238  12   4   0  47  22
101  76   0   1  76  18
101  11   1   1  76  18
101  14   2   1  76  18
101   9   3   1  76  18
101   8   4   1  76  18
102  38   0   1  38  32
102   8   1   1  38  32
102   7   2   1  38  32
102   9   3   1  38  32
102   4   4   1  38  32
103  19   0   1  19  20
103   0   1   1  19  20
103   4   2   1  19  20
103   3   3   1  19  20
103   0   4   1  19  20
108  10   0   1  10  30
108   3   1   1  10  30
108   6   2   1  10  30
108   1   3   1  10  30
108   3   4   1  10  30
110  19   0   1  19  18
110   2   1   1  19  18
110   6   2   1  19  18
110   7   3   1  19  18
110   4   4   1  19  18
111  24   0   1  24  24
111   4   1   1  24  24
111   3   2   1  24  24
111   1   3   1  24  24
111   3   4   1  24  24
112  31   0   1  31  30
112  22   1   1  31  30
112  17   2   1  31  30
112  19   3   1  31  30
112  16   4   1  31  30
113  14   0   1  14  35
113   5   1   1  14  35
113   4   2   1  14  35
113   7   3   1  14  35
113   4   4   1  14  35
117  11   0   1  11  27
117   2   1   1  11  27
117   4   2   1  11  27
117   0   3   1  11  27
117   4   4   1  11  27
121  67   0   1  67  20
121   3   1   1  67  20
121   7   2   1  67  20
121   7   3   1  67  20
121   7   4   1  67  20
122  41   0   1  41  22
122   4   1   1  41  22
122  18   2   1  41  22
122   2   3   1  41  22
122   5   4   1  41  22
124   7   0   1   7  28
124   2   1   1   7  28
124   1   2   1   7  28
124   1   3   1   7  28
124   0   4   1   7  28
128  22   0   1  22  23
128   0   1   1  22  23
128   2   2   1  22  23
128   4   3   1  22  23
128   0   4   1  22  23
129  13   0   1  13  40
129   5   1   1  13  40
129   4   2   1  13  40
129   0   3   1  13  40
129   3   4   1  13  40
137  46   0   1  46  33
137  11   1   1  46  33
137  14   2   1  46  33
137  25   3   1  46  33
137  15   4   1  46  33
139  36   0   1  36  21
139  10   1   1  36  21
139   5   2   1  36  21
139   3   3   1  36  21
139   8   4   1  36  21
143  38   0   1  38  35
143  19   1   1  38  35
143   7   2   1  38  35
143   6   3   1  38  35
143   7   4   1  38  35
147   7   0   1   7  25
147   1   1   1   7  25
147   1   2   1   7  25
147   2   3   1   7  25
147   3   4   1   7  25
203  36   0   1  36  26
203   6   1   1  36  26
203  10   2   1  36  26
203   8   3   1  36  26
203   8   4   1  36  26
204  11   0   1  11  25
204   2   1   1  11  25
204   1   2   1  11  25
204   0   3   1  11  25
204   0   4   1  11  25
207 151   0   1 151  22
207 102   1   1 151  22
207  65   2   1 151  22
207  72   3   1 151  22
207  63   4   1 151  22
208  22   0   1  22  32
208   4   1   1  22  32
208   3   2   1  22  32
208   2   3   1  22  32
208   4   4   1  22  32
209  41   0   1  41  25
209   8   1   1  41  25
209   6   2   1  41  25
209   5   3   1  41  25
209   7   4   1  41  25
211  32   0   1  32  35
211   1   1   1  32  35
211   3   2   1  32  35
211   1   3   1  32  35
211   5   4   1  32  35
214  56   0   1  56  21
214  18   1   1  56  21
214  11   2   1  56  21
214  28   3   1  56  21
214  13   4   1  56  21
218  24   0   1  24  41
218   6   1   1  24  41
218   3   2   1  24  41
218   4   3   1  24  41
218   0   4   1  24  41
221  16   0   1  16  32
221   3   1   1  16  32
221   5   2   1  16  32
221   4   3   1  16  32
221   3   4   1  16  32
225  22   0   1  22  26
225   1   1   1  22  26
225  23   2   1  22  26
225  19   3   1  22  26
225   8   4   1  22  26
228  25   0   1  25  21
228   2   1   1  25  21
228   3   2   1  25  21
228   0   3   1  25  21
228   1   4   1  25  21
232  13   0   1  13  36
232   0   1   1  13  36
232   0   2   1  13  36
232   0   3   1  13  36
232   0   4   1  13  36
236  12   0   1  12  37
236   1   1   1  12  37
236   4   2   1  12  37
236   3   3   1  12  37
236   2   4   1  12  37
